nnUNetTrainerMednext3b    hnnk
sub_mean_dice: [0.8885649  0.6888316  0.71866226 0.59745663]  # None mean: 0.7234
sub_std_dice: [0.10443716 0.34681106 0.21039216 0.19254208]
sub_mean_iou: [0.8130703  0.6131911  0.5977115  0.45337105]  # None mean: 0.6193
sub_std_iou: [0.14514229 0.33599856 0.22587939 0.19951974]
sub_mean_ppv: [0.86225873 0.4378873  0.43648803 0.14853364]  # None mean: 0.4713
sub_std_ppv: [0.15877286 0.5781218  0.47889936 0.34843242]

nnUNetTrainerMednext3b    lz
sub_mean_dice: [0.8943697  0.5040714  0.7720592  0.27063316]  # None mean: 0.6103
sub_std_dice: [0.12540443 0.42149258 0.23970993 0.3318216 ]
sub_mean_iou: [0.8257764  0.44462574 0.6770431  0.20490396]  # None mean: 0.5381
sub_std_iou: [0.15039371 0.38434243 0.25145158 0.25252652]
sub_mean_ppv: [0.8320522  0.41270223 0.5076522  0.04814638]  # None mean: 0.4501
sub_std_ppv: [0.21642426 0.4511132  0.41432688 0.18095532]

nnUNetTrainerMednext3b    cq
sub_mean_dice: [0.86986154 0.23374136 0.7770983  0.43197554]  # None mean: 0.5782
sub_std_dice: [0.15051728 0.34861064 0.21997346 0.25378546]
sub_mean_iou: [0.7924745  0.19177677 0.67616606 0.3094524 ]  # None mean: 0.4925
sub_std_iou: [0.17343368 0.3027994  0.23016553 0.21270494]
sub_mean_ppv: [0.81264746 0.18216611 0.50814867 0.16619328]  # None mean: 0.4173
sub_std_ppv: [0.23087585 0.3623237  0.4365096  0.35171053]

