nnUNetTrainerMednext13    hnnk
sub_mean_dice: [0.88447    0.6945658  0.54237115 0.5049522 ]
sub_std_dice: [0.10845408 0.3414616  0.38887107 0.2545127 ]
sub_mean_iou: [0.807263   0.6176464  0.46578687 0.3776759 ]
sub_std_iou: [0.14859724 0.3308128  0.35180068 0.23453164]
sub_mean_ppv: [0.85278827 0.46712637 0.37943396 0.16075443]
sub_std_ppv: [0.16224615 0.4681924  0.46495077 0.35949582]

nnUNetTrainerMednext13    lz
sub_mean_dice: [0.8947575  0.55353564 0.7738652  0.30426356]
sub_std_dice: [0.12332682 0.40550247 0.232902   0.30277285]
sub_mean_iou: [0.8256668  0.48684534 0.67673504 0.22093606]
sub_std_iou: [0.14664938 0.37427628 0.2443654  0.23344848]
sub_mean_ppv: [0.83454466 0.446456   0.47042012 0.04613623]
sub_std_ppv: [0.2048811  0.44624984 0.4117028  0.16733181]

nnUNetTrainerMednext13    cq
sub_mean_dice: [0.8732256  0.28224424 0.7704676  0.386758  ]
sub_std_dice: [0.14864668 0.35690445 0.24374472 0.25284496]
sub_mean_iou: [0.7972698  0.22907816 0.6753849  0.2707426 ]
sub_std_iou: [0.17127247 0.31376687 0.24886164 0.1997956 ]
sub_mean_ppv: [0.81177443 0.28988364 0.47184148 0.16147947]
sub_std_ppv: [0.23383018 0.42774996 0.43459824 0.3460354 ]

