nnUNetTrainerMednext4b    hnnk
sub_mean_dice: [0.8871657 0.7271119 0.7720876 0.4761819]  # None mean: 0.7156
sub_std_dice: [0.1051707  0.296712   0.14744356 0.2922819 ]
sub_mean_iou: [0.8107623 0.6405834 0.6504699 0.3626245]  # None mean: 0.6161
sub_std_iou: [0.14402387 0.30051774 0.18141647 0.26136357]
sub_mean_ppv: [0.86044854 0.49208048 0.48006463 0.1382998 ]  # None mean: 0.4927
sub_std_ppv: [0.15784544 0.46893975 0.48058337 0.3387986 ]

nnUNetTrainerMednext4b    lz
sub_mean_dice: [0.8961098  0.5340501  0.75957865 0.29985863]  # None mean: 0.6224
sub_std_dice: [0.12291548 0.39994878 0.25446197 0.25918373]
sub_mean_iou: [0.8277532  0.46420425 0.6661361  0.20397902]  # None mean: 0.5405
sub_std_iou: [0.14571646 0.3690905  0.2653025  0.18161124]
sub_mean_ppv: [0.8314611  0.40627047 0.43113112 0.05254709]  # None mean: 0.4304
sub_std_ppv: [0.21441378 0.44336256 0.4217393  0.17659132]

nnUNetTrainerMednext4b    cq
sub_mean_dice: [0.8705803  0.31231424 0.7567462  0.29816756]  # None mean: 0.5595
sub_std_dice: [0.1521544  0.33678806 0.26820272 0.20282103]
sub_mean_iou: [0.7941502  0.24234766 0.66454077 0.19213074]  # None mean: 0.4733
sub_std_iou: [0.17550269 0.2903729  0.26257262 0.14306213]
sub_mean_ppv: [0.8143437 0.2235701 0.5345615 0.1683348]  # None mean: 0.4352
sub_std_ppv: [0.22992939 0.39016688 0.43172976 0.35322863]

