nnUNetTrainerMednext0a    hnnk
sub_mean_dice: [0.89533836 0.756848   0.67364585 0.5687178 ]  # None mean: 0.7236
sub_std_dice: [0.09120046 0.2365811  0.21771541 0.24359258]
sub_mean_iou: [0.8211134  0.6580019  0.5498141  0.43903032]  # None mean: 0.6170
sub_std_iou: [0.12901421 0.2631356  0.25658748 0.24491122]
sub_mean_ppv: [0.86835784 0.4873658  0.6110787  0.19330023]  # None mean: 0.5400
sub_std_ppv: [0.139962   0.46786407 0.47346115 0.38665795]

nnUNetTrainerMednext0a    lz
sub_mean_dice: [0.89306617 0.47622478 0.7679298  0.2519112 ]  # None mean: 0.5973
sub_std_dice: [0.12187546 0.4225399  0.2468007  0.27187502]
sub_mean_iou: [0.8231196  0.42013425 0.67464733 0.17579374]  # None mean: 0.5234
sub_std_iou: [0.14982188 0.39016092 0.26023665 0.20493582]
sub_mean_ppv: [0.8377364  0.42862993 0.67905104 0.05396661]  # None mean: 0.4998
sub_std_ppv: [0.19838323 0.44806656 0.33409116 0.18375969]

nnUNetTrainerMednext0a    cq
sub_mean_dice: [0.87288934 0.3162937  0.78040123 0.37615234]  # None mean: 0.5864
sub_std_dice: [0.14912848 0.3667759  0.22282179 0.2264658 ]
sub_mean_iou: [0.7968215  0.25619146 0.6807298  0.25488025]  # None mean: 0.4972
sub_std_iou: [0.1714509  0.31553665 0.22766858 0.16778922]
sub_mean_ppv: [0.8146712  0.3149192  0.67621005 0.19519415]  # None mean: 0.5002
sub_std_ppv: [0.22858967 0.44055504 0.37000495 0.37085488]

