nnUNetTrainerMednext12    hnnk
sub_mean_dice: [0.93759596 0.52601993 0.42611998 0.34893465]
sub_std_dice: [0.09192447 0.1878252  0.26415005 0.41553372]
sub_mean_iou: [0.89216745 0.37653768 0.30764258 0.31173572]
sub_std_iou: [0.11222856 0.15604009 0.2227519  0.3995881 ]
sub_mean_ppv: [0.92751634 0.46497637 0.5119283  0.25191894]
sub_std_ppv: [0.08569507 0.14704728 0.30615383 0.41915402]

nnUNetTrainerMednext12    lz
sub_mean_dice: [0.9212279  0.4441392  0.30035937 0.7337227 ]
sub_std_dice: [0.0726699  0.2662023  0.2270269  0.23932306]
sub_mean_iou: [0.8604747  0.31997406 0.19974133 0.62613374]
sub_std_iou: [0.09775491 0.2029814  0.17440198 0.252216  ]
sub_mean_ppv: [0.89539665 0.42310566 0.21188198 0.35965073]
sub_std_ppv: [0.09293871 0.21355982 0.23361851 0.41445187]

nnUNetTrainerMednext12    cq
sub_mean_dice: [0.91558456 0.52915907 0.3127968  0.724873  ]
sub_std_dice: [0.08142988 0.23316431 0.2297172  0.2984919 ]
sub_mean_iou: [0.8524761  0.38906702 0.20840748 0.6352402 ]
sub_std_iou: [0.10963081 0.18638445 0.17082886 0.28919744]
sub_mean_ppv: [0.8903678  0.46674746 0.36755365 0.45253077]
sub_std_ppv: [0.10226262 0.17461525 0.29698473 0.45128796]

