nnUNetTrainerMednext3    hnnk
sub_mean_dice: [0.93349135 0.52343243 0.42478964 0.30618948]  # None mean: 0.5470
sub_std_dice: [0.08971159 0.19105962 0.25657746 0.41287422]
sub_mean_iou: [0.88445556 0.37500662 0.3043819  0.27257234]  # None mean: 0.4591
sub_std_iou: [0.10985576 0.16028945 0.21603379 0.37721646]
sub_mean_ppv: [0.916062   0.47997347 0.5405082  0.27769193]  # None mean: 0.5536
sub_std_ppv: [0.08483048 0.1270984  0.30744442 0.40091923]

nnUNetTrainerMednext3    lz
sub_mean_dice: [0.9211536  0.44733083 0.30480123 0.73421663]  # None mean: 0.6019
sub_std_dice: [0.06822427 0.26887962 0.22951736 0.2540419 ]
sub_mean_iou: [0.8596886  0.3235106  0.20335756 0.6305091 ]  # None mean: 0.5043
sub_std_iou: [0.0936343  0.20579106 0.1761326  0.25600293]
sub_mean_ppv: [0.8918839  0.43626907 0.21149504 0.38634145]  # None mean: 0.4815
sub_std_ppv: [0.08923156 0.21513864 0.23343526 0.42965388]

nnUNetTrainerMednext3    cq
sub_mean_dice: [0.9125207  0.5348735  0.30524465 0.72639227]  # None mean: 0.6198
sub_std_dice: [0.08132996 0.23212507 0.22555962 0.28271538]
sub_mean_iou: [0.8472961  0.39438984 0.20211355 0.6318678 ]  # None mean: 0.5189
sub_std_iou: [0.11022868 0.18669395 0.16714203 0.28142223]
sub_mean_ppv: [0.8815664  0.47989252 0.38914767 0.51115197]  # None mean: 0.5654
sub_std_ppv: [0.09865563 0.17185311 0.3043464  0.45735857]

