nnUNetTrainerMednext3    hnnk
sub_mean_dice: [0.8842578  0.708736   0.70093095 0.5177719 ]  # None mean: 0.7029
sub_std_dice: [0.10473412 0.3074937  0.26724833 0.24865724]
sub_mean_iou: [0.80604255 0.6255547  0.59299755 0.3883937 ]  # None mean: 0.6032
sub_std_iou: [0.14457062 0.32500604 0.26118073 0.23291568]
sub_mean_ppv: [0.85565406 0.55906993 0.40361318 0.13761729]  # None mean: 0.4890
sub_std_ppv: [0.1582482  0.4684583  0.47798944 0.33718562]

nnUNetTrainerMednext3    lz
sub_mean_dice: [0.8960791  0.5015318  0.75968    0.30474585]  # None mean: 0.6155
sub_std_dice: [0.11919799 0.41966423 0.26176068 0.3680845 ]
sub_mean_iou: [0.8270634  0.44096065 0.66873294 0.24428315]  # None mean: 0.5453
sub_std_iou: [0.14413303 0.38184488 0.26980436 0.29728335]
sub_mean_ppv: [0.8395775  0.45182347 0.4012079  0.05227917]  # None mean: 0.4362
sub_std_ppv: [0.2026139  0.4499978  0.4242646  0.19196203]

nnUNetTrainerMednext3    cq
sub_mean_dice: [0.87276894 0.27973607 0.7733374  0.41310787]  # None mean: 0.5847
sub_std_dice: [0.14890873 0.36188015 0.22492845 0.2365166 ]
sub_mean_iou: [0.79668915 0.22824961 0.6728023  0.28761408]  # None mean: 0.4963
sub_std_iou: [0.17215861 0.31400234 0.23439673 0.18455479]
sub_mean_ppv: [0.81432253 0.29660624 0.5468157  0.15806329]  # None mean: 0.4540
sub_std_ppv: [0.23413333 0.43016037 0.4353706  0.34315845]

