nnUNetTrainerMednext1    hnnk
sub_mean_dice: [0.8827422  0.67187494 0.82637864 0.52831954]  # None mean: 0.7273
sub_std_dice: [0.11138713 0.363799   0.09327362 0.2542299 ]
sub_mean_iou: [0.8051898  0.60244733 0.71398294 0.40079296]  # None mean: 0.6306
sub_std_iou: [0.15193667 0.35472715 0.12413155 0.24198425]
sub_mean_ppv: [0.8568655  0.49829713 0.4220538  0.11899607]  # None mean: 0.4741
sub_std_ppv: [0.16655941 0.4734729  0.46377727 0.31497794]

nnUNetTrainerMednext1    lz
sub_mean_dice: [0.8948053  0.5055211  0.78207624 0.324328  ]  # None mean: 0.6267
sub_std_dice: [0.1236537  0.40910393 0.20232883 0.33144066]
sub_mean_iou: [0.8258529  0.44037935 0.68103266 0.24581465]  # None mean: 0.5483
sub_std_iou: [0.1472156  0.37592193 0.2354302  0.26493448]
sub_mean_ppv: [0.8313547  0.37183607 0.43774647 0.04311838]  # None mean: 0.4210
sub_std_ppv: [0.21492505 0.43446872 0.41449094 0.16767453]

nnUNetTrainerMednext1    cq
sub_mean_dice: [0.870471   0.33655465 0.7670801  0.38644814]  # None mean: 0.5901
sub_std_dice: [0.15147582 0.34998313 0.24979308 0.2614156 ]
sub_mean_iou: [0.79371595 0.26453286 0.6727442  0.27211395]  # None mean: 0.5008
sub_std_iou: [0.17435633 0.29871902 0.25299633 0.20296228]
sub_mean_ppv: [0.8146089  0.20263451 0.5099614  0.12830183]  # None mean: 0.4139
sub_std_ppv: [0.23318987 0.37624985 0.4357017  0.31574225]

