nnUNetTrainerMednext0    hnnk
sub_mean_dice: [0.9369127  0.5248008  0.43419534 0.33635592]  # None mean: 0.5581
sub_std_dice: [0.08973441 0.18764287 0.26664937 0.43029734]
sub_mean_iou: [0.890566   0.37539762 0.31514516 0.30845475]  # None mean: 0.4724
sub_std_iou: [0.11035894 0.15619259 0.22521622 0.4113819 ]
sub_mean_ppv: [0.92360497 0.46244064 0.50487065 0.27877164]  # None mean: 0.5424
sub_std_ppv: [0.08273701 0.14519964 0.30246764 0.43369943]

nnUNetTrainerMednext0    lz
sub_mean_dice: [0.92229307 0.44450903 0.30460048 0.75356036]  # None mean: 0.6062
sub_std_dice: [0.06350306 0.26628712 0.2266932  0.22686915]
sub_mean_iou: [0.86105543 0.320355   0.20266606 0.64811754]  # None mean: 0.5080
sub_std_iou: [0.09008663 0.20332491 0.17412251 0.2428756 ]
sub_mean_ppv: [0.8963569  0.41844073 0.20817018 0.44194764]  # None mean: 0.4912
sub_std_ppv: [0.07898572 0.21566975 0.23561908 0.42796296]

nnUNetTrainerMednext0    cq
sub_mean_dice: [0.9149712  0.53113693 0.3134709  0.73686516]  # None mean: 0.6241
sub_std_dice: [0.07564685 0.23290332 0.22814092 0.27695295]
sub_mean_iou: [0.8504551 0.3909534 0.2084653 0.6427936]  # None mean: 0.5232
sub_std_iou: [0.10388593 0.18674208 0.16882479 0.2758773 ]
sub_mean_ppv: [0.8874526  0.46757543 0.3691991  0.5028131 ]  # None mean: 0.5568
sub_std_ppv: [0.09432428 0.17671889 0.29587775 0.45010635]

