nnUNetTrainerMednext12    hnnk
sub_mean_dice: [0.8854443  0.72887486 0.545872   0.45247674]
sub_std_dice: [0.11618557 0.26511595 0.3913975  0.23465596]
sub_mean_iou: [0.81062573 0.63537276 0.47101897 0.32280242]
sub_std_iou: [0.15594578 0.29839346 0.35577887 0.20058084]
sub_mean_ppv: [0.8648089  0.49438795 0.37508446 0.14990227]
sub_std_ppv: [0.17215046 0.44817176 0.47474852 0.35159355]

nnUNetTrainerMednext12    lz
sub_mean_dice: [0.89678305 0.54953504 0.76592565 0.2507661 ]
sub_std_dice: [0.11909425 0.40168327 0.24668878 0.24424112]
sub_mean_iou: [0.82816774 0.481187   0.67152816 0.16820002]
sub_std_iou: [0.14356518 0.37250686 0.25815392 0.1792999 ]
sub_mean_ppv: [0.83412063 0.40944535 0.3264843  0.05298902]
sub_std_ppv: [0.21247222 0.42372063 0.41051725 0.18441005]

nnUNetTrainerMednext12    cq
sub_mean_dice: [0.8748612  0.3309142  0.7706696  0.30537423]
sub_std_dice: [0.14759308 0.34734616 0.24154408 0.18979073]
sub_mean_iou: [0.7997175  0.25925034 0.6751122  0.19449817]
sub_std_iou: [0.1713079  0.29610342 0.24909225 0.12819739]
sub_mean_ppv: [0.8172274  0.24299282 0.4049247  0.18222514]
sub_std_ppv: [0.23515111 0.3911761  0.4413344  0.36645085]

