nnUNetTrainerMednext0a    hnnk
sub_mean_dice: [0.9393296  0.53266525 0.42796227 0.33986124]  # None mean: 0.5600
sub_std_dice: [0.09329242 0.18970557 0.26106745 0.4245633 ]
sub_mean_iou: [0.89552844 0.38328564 0.3086923  0.30782256]  # None mean: 0.4738
sub_std_iou: [0.11365273 0.15850389 0.22253715 0.40388894]
sub_mean_ppv: [0.93301344 0.4999795  0.4847437  0.23646353]  # None mean: 0.5386
sub_std_ppv: [0.08440887 0.12271987 0.2931178  0.38889548]

nnUNetTrainerMednext0a    lz
sub_mean_dice: [0.9227404  0.44773066 0.3099392  0.74392754]  # None mean: 0.6061
sub_std_dice: [0.06871423 0.2689902  0.21937339 0.2452023 ]
sub_mean_iou: [0.8625777  0.32385245 0.20496131 0.640375  ]  # None mean: 0.5079
sub_std_iou: [0.09504605 0.20566371 0.16825446 0.2509078 ]
sub_mean_ppv: [0.90418535 0.43696865 0.19832622 0.5356545 ]  # None mean: 0.5188
sub_std_ppv: [0.07697149 0.21941453 0.22106898 0.41250238]

nnUNetTrainerMednext0a    cq
sub_mean_dice: [0.9110485  0.53288794 0.32193464 0.72856104]  # None mean: 0.6236
sub_std_dice: [0.08018668 0.23447533 0.22648813 0.2733827 ]
sub_mean_iou: [0.844546   0.39309278 0.21431495 0.63001305]  # None mean: 0.5205
sub_std_iou: [0.10841224 0.1885792  0.16816974 0.26968136]
sub_mean_ppv: [0.89143986 0.4811714  0.3337402  0.6281786 ]  # None mean: 0.5836
sub_std_ppv: [0.09135567 0.17547181 0.2786634  0.4087565 ]

