nnUNetTrainerMednext4b    hnnk
sub_mean_dice: [0.9366318 0.523707  0.4394496 0.3257499]  # None mean: 0.5564
sub_std_dice: [0.09362853 0.18669128 0.26120415 0.435267  ]
sub_mean_iou: [0.89073193 0.37417746 0.3183605  0.30215597]  # None mean: 0.4714
sub_std_iou: [0.1133963  0.1554051  0.22238703 0.41402954]
sub_mean_ppv: [0.92281693 0.46997577 0.51138633 0.20575047]  # None mean: 0.5275
sub_std_ppv: [0.08744086 0.12519935 0.29243305 0.38931623]

nnUNetTrainerMednext4b    lz
sub_mean_dice: [0.92057204 0.43963388 0.2923983  0.7608081 ]  # None mean: 0.6034
sub_std_dice: [0.07046264 0.26314342 0.22410853 0.1933167 ]
sub_mean_iou: [0.8590737  0.31520268 0.19351791 0.64800304]  # None mean: 0.5039
sub_std_iou: [0.09663745 0.19960168 0.17191625 0.22148831]
sub_mean_ppv: [0.89460576 0.3983879  0.18414138 0.44852915]  # None mean: 0.4814
sub_std_ppv: [0.0882302  0.21335146 0.21190499 0.42283994]

nnUNetTrainerMednext4b    cq
sub_mean_dice: [0.91478753 0.5261461  0.32144293 0.72873914]  # None mean: 0.6228
sub_std_dice: [0.07996707 0.23183218 0.227131   0.28517368]
sub_mean_iou: [0.8508904  0.38584435 0.21403158 0.6362309 ]  # None mean: 0.5217
sub_std_iou: [0.10846256 0.18499921 0.16825376 0.285609  ]
sub_mean_ppv: [0.8899214  0.45519575 0.3499273  0.50790197]  # None mean: 0.5507
sub_std_ppv: [0.09482846 0.17965247 0.28750452 0.4546877 ]

