nnUNetTrainerMednext3b    hnnk
sub_mean_dice: [0.93741035 0.5235081  0.43969452 0.33592287]  # None mean: 0.5591
sub_std_dice: [0.09158916 0.18661591 0.26521954 0.43056768]
sub_mean_iou: [0.89177525 0.3739558  0.31953776 0.30821335]  # None mean: 0.4734
sub_std_iou: [0.11191335 0.15516764 0.22504808 0.41150987]
sub_mean_ppv: [0.92537653 0.4724632  0.5104176  0.20671909]  # None mean: 0.5287
sub_std_ppv: [0.0840374  0.12449741 0.30217046 0.38729626]

nnUNetTrainerMednext3b    lz
sub_mean_dice: [0.9230469  0.44414255 0.29935533 0.75834936]  # None mean: 0.6062
sub_std_dice: [0.06270573 0.26571137 0.22844319 0.21291184]
sub_mean_iou: [0.8622217  0.3198801  0.19935508 0.6508988 ]  # None mean: 0.5081
sub_std_iou: [0.08891509 0.20281833 0.17574105 0.23703964]
sub_mean_ppv: [0.8973116  0.41699603 0.19680896 0.4976138 ]  # None mean: 0.5022
sub_std_ppv: [0.07906138 0.21557426 0.22747259 0.4237302 ]

nnUNetTrainerMednext3b    cq
sub_mean_dice: [0.9152603  0.5308383  0.31985962 0.7281888 ]  # None mean: 0.6235
sub_std_dice: [0.07550732 0.23316896 0.22850229 0.27500686]
sub_mean_iou: [0.85093766 0.39075294 0.21318577 0.63092536]  # None mean: 0.5215
sub_std_iou: [0.10388371 0.1870848  0.16947982 0.27525356]
sub_mean_ppv: [0.8885799  0.47169423 0.35823667 0.55639136]  # None mean: 0.5687
sub_std_ppv: [0.09513542 0.17186806 0.2908636  0.4414479 ]

