nnUNetTrainerMednext0    hnnk
sub_mean_dice: [0.8880995  0.6824856  0.6468173  0.55079633]  # None mean: 0.6920
sub_std_dice: [0.10631421 0.33304513 0.33092085 0.21396871]
sub_mean_iou: [0.8126685  0.60173726 0.5493504  0.41082317]  # None mean: 0.5936
sub_std_iou: [0.1463684  0.3345154  0.29477227 0.20830198]
sub_mean_ppv: [0.8621966  0.48793417 0.43288878 0.2759917 ]  # None mean: 0.5148
sub_std_ppv: [0.16036427 0.4650793  0.4756021  0.43647203]

nnUNetTrainerMednext0    lz
sub_mean_dice: [0.8945116 0.5194141 0.7763472 0.2789541]  # None mean: 0.6173
sub_std_dice: [0.12421773 0.40883172 0.2362996  0.34165984]
sub_mean_iou: [0.8257221 0.4540555 0.6814605 0.2141569]  # None mean: 0.5438
sub_std_iou: [0.14924555 0.3763488  0.24768102 0.26230967]
sub_mean_ppv: [0.8348329  0.39523962 0.4591689  0.06302108]  # None mean: 0.4381
sub_std_ppv: [0.20694253 0.4403263  0.416439   0.21050954]

nnUNetTrainerMednext0    cq
sub_mean_dice: [0.87102365 0.23597406 0.7797053  0.37396163]  # None mean: 0.5652
sub_std_dice: [0.14862995 0.34515318 0.22441074 0.24243654]
sub_mean_iou: [0.7937196  0.19177024 0.68077916 0.25691837]  # None mean: 0.4808
sub_std_iou: [0.17102815 0.29824352 0.23165016 0.18185806]
sub_mean_ppv: [0.8081208  0.21975258 0.47296464 0.18670994]  # None mean: 0.4219
sub_std_ppv: [0.23887162 0.38436943 0.43376696 0.36444178]

