nnUNetTrainerMednext1    hnnk
sub_mean_dice: [0.93776906 0.52592725 0.43402514 0.33465132]  # None mean: 0.5581
sub_std_dice: [0.0934946  0.18809092 0.26566264 0.4334699 ]
sub_mean_iou: [0.89273864 0.37657583 0.3148264  0.30938622]  # None mean: 0.4734
sub_std_iou: [0.11333393 0.1568604  0.22490023 0.4167851 ]
sub_mean_ppv: [0.9271658  0.4755978  0.5062705  0.24945796]  # None mean: 0.5396
sub_std_ppv: [0.08713207 0.12604734 0.3035956  0.41378725]

nnUNetTrainerMednext1    lz
sub_mean_dice: [0.9208845  0.44133008 0.29934424 0.763976  ]  # None mean: 0.6064
sub_std_dice: [0.07184451 0.2646333  0.22643584 0.1894273 ]
sub_mean_iou: [0.8598501  0.31710374 0.19890398 0.6507856 ]  # None mean: 0.5067
sub_std_iou: [0.09831682 0.20128146 0.17402294 0.21682535]
sub_mean_ppv: [0.8973743  0.4095459  0.19754173 0.4557756 ]  # None mean: 0.4901
sub_std_ppv: [0.08789158 0.21402685 0.22111389 0.4177173 ]

nnUNetTrainerMednext1    cq
sub_mean_dice: [0.9151471  0.52727526 0.31874385 0.72381645]  # None mean: 0.6212
sub_std_dice: [0.08237178 0.23181906 0.22330666 0.28883854]
sub_mean_iou: [0.8518874  0.38690385 0.2113035  0.63155705]  # None mean: 0.5204
sub_std_iou: [0.1104499  0.18497494 0.16521245 0.28912535]
sub_mean_ppv: [0.89364964 0.4670095  0.34163037 0.42334178]  # None mean: 0.5314
sub_std_ppv: [0.0975182  0.17065701 0.28570744 0.4535569 ]

