nnUNetTrainerUNETR    hnnk
sub_mean_dice: [0.9304549  0.4749382  0.3724208  0.39803937]  # None mean: 0.5440
sub_std_dice: [0.08600251 0.19656037 0.22223903 0.34214592]
sub_mean_iou: [0.87848586 0.33200067 0.25253746 0.30811247]  # None mean: 0.4428
sub_std_iou: [0.10687721 0.16109225 0.17521955 0.28055772]
sub_mean_ppv: [0.91726387 0.4360375  0.40273458 0.08489612]  # None mean: 0.4602
sub_std_ppv: [0.07867116 0.17244382 0.2892055  0.2492267 ]

nnUNetTrainerUNETR    lz
sub_mean_dice: [0.89753795 0.42021888 0.22799449 0.5874728 ]  # None mean: 0.5333
sub_std_dice: [0.1127255  0.2601608  0.19449858 0.2553795 ]
sub_mean_iou: [0.82814354 0.29826048 0.1439116  0.45527562]  # None mean: 0.4314
sub_std_iou: [0.13880126 0.19721234 0.14003152 0.22085975]
sub_mean_ppv: [0.86568934 0.35663405 0.12696932 0.10439057]  # None mean: 0.3634
sub_std_ppv: [0.12418182 0.23847613 0.17958301 0.25912234]

nnUNetTrainerUNETR    cq
sub_mean_dice: [0.89084965 0.4943264  0.26539332 0.5531497 ]  # None mean: 0.5509
sub_std_dice: [0.12652354 0.23419107 0.1890089  0.27834892]
sub_mean_iou: [0.8203841  0.356687   0.16733336 0.42870486]  # None mean: 0.4433
sub_std_iou: [0.15208383 0.18384747 0.13253586 0.24410467]
sub_mean_ppv: [0.86816466 0.39655232 0.23217095 0.09874579]  # None mean: 0.3989
sub_std_ppv: [0.1353334  0.21000148 0.22336033 0.26029533]

