nnUNetTrainerUNETRPP    hnnk
sub_mean_dice: [0.9302589  0.51472145 0.42533708 0.39561132]  # None mean: 0.5665
sub_std_dice: [0.09133581 0.19416413 0.25348318 0.38569495]
sub_mean_iou: [0.87969923 0.36758858 0.30333444 0.33777985]  # None mean: 0.4721
sub_std_iou: [0.11926293 0.16265681 0.2093381  0.38052276]
sub_mean_ppv: [0.9158801  0.47209564 0.5010287  0.32040712]  # None mean: 0.5524
sub_std_ppv: [0.0988811  0.1515469  0.28855672 0.4193765 ]

nnUNetTrainerUNETRPP    lz
sub_mean_dice: [0.9094433  0.44544354 0.29201347 0.70390666]  # None mean: 0.5877
sub_std_dice: [0.10383518 0.2714186  0.22787581 0.25569066]
sub_mean_iou: [0.8461072  0.32271633 0.19374755 0.5916225 ]  # None mean: 0.4885
sub_std_iou: [0.12922123 0.20853265 0.17232819 0.25143996]
sub_mean_ppv: [0.88835996 0.4176879  0.1875126  0.30541077]  # None mean: 0.4497
sub_std_ppv: [0.11734837 0.23928739 0.21638389 0.39403376]

nnUNetTrainerUNETRPP    cq
sub_mean_dice: [0.90244305 0.5233843  0.30984813 0.6638334 ]  # None mean: 0.5999
sub_std_dice: [0.11062448 0.2382387  0.22670674 0.27441007]
sub_mean_iou: [0.83585656 0.38484251 0.20548216 0.55115247]  # None mean: 0.4943
sub_std_iou: [0.13663556 0.18987218 0.16680712 0.2691352 ]
sub_mean_ppv: [0.88338745 0.46135435 0.3358939  0.3676179 ]  # None mean: 0.5121
sub_std_ppv: [0.12239033 0.19305216 0.27584225 0.4150422 ]

