nnUNetTrainerNnformer    hnnk
sub_mean_dice: [0.8754032  0.53961784 0.50926244 0.54406834]  # None mean: 0.6171
sub_std_dice: [0.09961288 0.34995344 0.4164825  0.22143476]
sub_mean_iou: [0.7907267  0.44871646 0.4430856  0.40621927]  # None mean: 0.5222
sub_std_iou: [0.1395221  0.33505654 0.3634805  0.21387395]
sub_mean_ppv: [0.8445306  0.38407552 0.13396838 0.14649844]  # None mean: 0.3773
sub_std_ppv: [0.15216756 0.43177924 0.32841855 0.34365022]

nnUNetTrainerNnformer    lz
sub_mean_dice: [0.88464993 0.48403576 0.74197036 0.16539827]  # None mean: 0.5690
sub_std_dice: [0.11608747 0.38562512 0.26185328 0.2870726 ]
sub_mean_iou: [0.8079254  0.4068167  0.64420706 0.12586442]  # None mean: 0.4962
sub_std_iou: [0.14345363 0.34780163 0.26501447 0.22841652]
sub_mean_ppv: [0.8167334  0.20208178 0.17653951 0.02283194]  # None mean: 0.3045
sub_std_ppv: [0.21026772 0.35613248 0.3406684  0.13219547]

nnUNetTrainerNnformer    cq
sub_mean_dice: [0.8621161  0.2681805  0.76297045 0.43609804]  # None mean: 0.5823
sub_std_dice: [0.14536098 0.3258947  0.20999065 0.17449701]
sub_mean_iou: [0.7787574  0.20523629 0.6531978  0.2947038 ]  # None mean: 0.4830
sub_std_iou: [0.16757582 0.27020398 0.21726516 0.14321038]
sub_mean_ppv: [0.79721856 0.12516311 0.2502688  0.1518282 ]  # None mean: 0.3311
sub_std_ppv: [0.23955171 0.30632594 0.38390788 0.33826455]

