nnUNetTrainerUxLSTMBot    hnnk
sub_mean_dice: [0.93392146 0.50909406 0.45210457 0.3260359 ]  # None mean: 0.5553
sub_std_dice: [0.09219377 0.18585522 0.24322481 0.3078799 ]
sub_mean_iou: [0.88569486 0.3603584  0.3242007  0.24003597]  # None mean: 0.4526
sub_std_iou: [0.11256213 0.15318362 0.20723124 0.24766529]
sub_mean_ppv: [0.92341155 0.46281052 0.48082483 0.13342711]  # None mean: 0.5001
sub_std_ppv: [0.08424845 0.13033578 0.290073   0.29741794]

nnUNetTrainerUxLSTMBot    lz
sub_mean_dice: [0.9146867  0.43807432 0.27367496 0.7084757 ]  # None mean: 0.5837
sub_std_dice: [0.08546147 0.26147267 0.2125287  0.23119047]
sub_mean_iou: [0.85150105 0.31362867 0.17807944 0.5893877 ]  # None mean: 0.4831
sub_std_iou: [0.11178457 0.19934034 0.16063659 0.23248576]
sub_mean_ppv: [0.8939759  0.39336112 0.16469719 0.22987495]  # None mean: 0.4205
sub_std_ppv: [0.09577289 0.22964543 0.2045627  0.3637163 ]

nnUNetTrainerUxLSTMBot    cq
sub_mean_dice: [0.9078072  0.52296734 0.3044964  0.6678655 ]  # None mean: 0.6008
sub_std_dice: [0.09529663 0.23073752 0.21572398 0.29937214]
sub_mean_iou: [0.84183    0.38256118 0.19944061 0.56371146]  # None mean: 0.4969
sub_std_iou: [0.12331119 0.1839182  0.15752645 0.28186867]
sub_mean_ppv: [0.8878167  0.4523802  0.2953945  0.24780852]  # None mean: 0.4708
sub_std_ppv: [0.10270446 0.19222885 0.25813165 0.38551843]

