nnUNetTrainerUMambaBot    hnnk
sub_mean_dice: [0.879844   0.7423741  0.4466261  0.27534315]  # None mean: 0.5860
sub_std_dice: [0.0944196  0.21813698 0.3262716  0.11723104]
sub_mean_iou: [0.79640436 0.6317119  0.34637344 0.1650339 ]  # None mean: 0.4849
sub_std_iou: [0.13052018 0.2402852  0.28259724 0.07919148]
sub_mean_ppv: [0.8586974  0.388967   0.18984918 0.05498518]  # None mean: 0.3731
sub_std_ppv: [0.14614868 0.4462656  0.37101606 0.21678534]

nnUNetTrainerUMambaBot    lz
sub_mean_dice: [0.89090466 0.5456575  0.7455672  0.14535496]  # None mean: 0.5819
sub_std_dice: [0.11771733 0.36733755 0.24556442 0.1879859 ]
sub_mean_iou: [0.81803733 0.46108973 0.6430297  0.09048392]  # None mean: 0.5032
sub_std_iou: [0.14103931 0.34367734 0.25278738 0.11969983]
sub_mean_ppv: [0.82786846 0.24560165 0.17055343 0.01054998]  # None mean: 0.3136
sub_std_ppv: [0.21054564 0.3916845  0.33754975 0.08381961]

nnUNetTrainerUMambaBot    cq
sub_mean_dice: [0.86790997 0.23453313 0.74051875 0.13948481]  # None mean: 0.4956
sub_std_dice: [0.14250262 0.2863413  0.22543472 0.07949101]
sub_mean_iou: [0.7871545  0.17126329 0.6295677  0.07697038]  # None mean: 0.4162
sub_std_iou: [0.16533461 0.23942569 0.23524138 0.04683125]
sub_mean_ppv: [0.80813026 0.14219841 0.20590985 0.05578417]  # None mean: 0.3030
sub_std_ppv: [0.23132442 0.31417847 0.3640247  0.21501242]

