nnUNetTrainerSwinUNETR    hnnk
sub_mean_dice: [0.9367629 0.5049883 0.4031696 0.2594709]  # None mean: 0.5261
sub_std_dice: [0.08238411 0.19573933 0.2372418  0.3044261 ]
sub_mean_iou: [0.8891651  0.3589087  0.28173986 0.19407624]  # None mean: 0.4310
sub_std_iou: [0.10553731 0.16290247 0.19950016 0.2596986 ]
sub_mean_ppv: [0.92043114 0.48190674 0.45965493 0.12025053]  # None mean: 0.4956
sub_std_ppv: [0.07823359 0.13832657 0.2818124  0.29223698]

nnUNetTrainerSwinUNETR    lz
sub_mean_dice: [0.9093295 0.4345537 0.2672153 0.6884805]  # None mean: 0.5749
sub_std_dice: [0.09853639 0.2695133  0.20971853 0.2366398 ]
sub_mean_iou: [0.84479827 0.31287077 0.17307852 0.56693494]  # None mean: 0.4744
sub_std_iou: [0.12389193 0.20625855 0.15765214 0.23704204]
sub_mean_ppv: [0.88201016 0.4030919  0.15601996 0.15412787]  # None mean: 0.3988
sub_std_ppv: [0.11266596 0.25031045 0.20533305 0.3247852 ]

nnUNetTrainerSwinUNETR    cq
sub_mean_dice: [0.9049374  0.51480436 0.28980532 0.6295301 ]  # None mean: 0.5848
sub_std_dice: [0.10086759 0.24074955 0.20599502 0.2915745 ]
sub_mean_iou: [0.8382153  0.3774729  0.18740019 0.516447  ]  # None mean: 0.4799
sub_std_iou: [0.12961935 0.19182104 0.15056215 0.27250838]
sub_mean_ppv: [0.88324815 0.42708477 0.2762023  0.18089145]  # None mean: 0.4419
sub_std_ppv: [0.1121518  0.21938215 0.24627028 0.3445483 ]

