nnUNetTrainer    hnnk
sub_mean_dice: [0.8862457  0.7765056  0.48339668 0.39493042]  # None mean: 0.6353
sub_std_dice: [0.08773831 0.1915437  0.39121196 0.06348853]
sub_mean_iou: [0.80546474 0.6683954  0.4043323  0.24800451]  # None mean: 0.5315
sub_std_iou: [0.12418298 0.21650589 0.3326466  0.04936482]
sub_mean_ppv: [0.86306703 0.387402   0.31880674 0.10072077]  # None mean: 0.4175
sub_std_ppv: [0.13691059 0.44372752 0.4510526  0.29381108]

nnUNetTrainer    lz
sub_mean_dice: [0.8940689 0.5745633 0.7629122 0.1953558]  # None mean: 0.6067
sub_std_dice: [0.11487595 0.37895215 0.23854518 0.25286785]
sub_mean_iou: [0.8226925  0.49594137 0.6639527  0.13319662]  # None mean: 0.5289
sub_std_iou: [0.13911422 0.352549   0.24915574 0.17871502]
sub_mean_ppv: [0.8323495  0.29568022 0.28151545 0.03467987]  # None mean: 0.3611
sub_std_ppv: [0.20965293 0.4192418  0.39606664 0.15455906]

nnUNetTrainer    cq
sub_mean_dice: [0.8692432  0.25000072 0.77272    0.2675944 ]  # None mean: 0.5399
sub_std_dice: [0.14123403 0.28465834 0.18675946 0.16461988]
sub_mean_iou: [0.7888254  0.1830878  0.6603773  0.16507988]  # None mean: 0.4493
sub_std_iou: [0.16325606 0.2499655  0.20483269 0.11201512]
sub_mean_ppv: [0.8060735  0.19156861 0.27888095 0.08734189]  # None mean: 0.3410
sub_std_ppv: [0.23095953 0.36102724 0.40341341 0.2670846 ]

