nnUNetTrainerUNETR    hnnk
sub_mean_dice: [0.8466505  0.04559786 0.24661312 0.00101759]  # None mean: 0.2850
sub_std_dice: [0.12765805 0.04137709 0.20928764 0.00039569]
sub_mean_iou: [7.5237262e-01 2.3802284e-02 1.5904900e-01 5.0909421e-04]  # None mean: 0.2339
sub_std_iou: [0.1664833  0.02227059 0.15478382 0.00019805]
sub_mean_ppv: [0.82215035 0.07601789 0.05960945 0.00376772]  # None mean: 0.2404
sub_std_ppv: [0.1856568  0.1547514  0.18553028 0.01693365]

nnUNetTrainerUNETR    lz
sub_mean_dice: [0.859397   0.03676695 0.07393268 0.00366018]  # None mean: 0.2434
sub_std_dice: [0.14962144 0.05241658 0.08559197 0.00484989]
sub_mean_iou: [0.7766496  0.01948527 0.0406588  0.00183937]  # None mean: 0.2097
sub_std_iou: [0.17953992 0.02838257 0.05126604 0.00243997]
sub_mean_ppv: [0.78931874 0.04397037 0.03169094 0.0041134 ]  # None mean: 0.2173
sub_std_ppv: [0.23585242 0.12703948 0.12167799 0.03077536]

nnUNetTrainerUNETR    cq
sub_mean_dice: [0.8504615  0.01300584 0.10083844 0.00256927]  # None mean: 0.2417
sub_std_dice: [0.15822867 0.02731513 0.15862529 0.00382127]
sub_mean_iou: [0.7644938  0.00674308 0.06194075 0.00128996]  # None mean: 0.2086
sub_std_iou: [0.18161863 0.01437466 0.10624918 0.00192035]
sub_mean_ppv: [0.7963579  0.01003577 0.02974193 0.00793639]  # None mean: 0.2110
sub_std_ppv: [0.25379992 0.04546118 0.12388125 0.05921363]

