nnUNetTrainerSegResNet    hnnk
sub_mean_dice: [0.9368597  0.5122479  0.43468407 0.3064354 ]  # None mean: 0.5476
sub_std_dice: [0.0831904  0.18803552 0.2542714  0.3279484 ]
sub_mean_iou: [0.8893959  0.36381882 0.31236872 0.23600917]  # None mean: 0.4504
sub_std_iou: [0.1051817  0.15602574 0.21606454 0.28668803]
sub_mean_ppv: [0.92275745 0.46650746 0.49772012 0.3589768 ]  # None mean: 0.5615
sub_std_ppv: [0.07678139 0.12988465 0.28621227 0.449419  ]

nnUNetTrainerSegResNet    lz
sub_mean_dice: [0.91586    0.43897018 0.2901961  0.70937485]  # None mean: 0.5886
sub_std_dice: [0.08155262 0.26493916 0.22345032 0.24349529]
sub_mean_iou: [0.852862   0.31520647 0.19191803 0.5946708 ]  # None mean: 0.4887
sub_std_iou: [0.10851733 0.2016083  0.17187963 0.24214134]
sub_mean_ppv: [0.8870858  0.4094076  0.17900153 0.4029791 ]  # None mean: 0.4696
sub_std_ppv: [0.10228531 0.21796454 0.21176015 0.42344895]

nnUNetTrainerSegResNet    cq
sub_mean_dice: [0.9085955  0.51862806 0.30958712 0.67659754]  # None mean: 0.6034
sub_std_dice: [0.0905631  0.22846793 0.21932085 0.2846176 ]
sub_mean_iou: [0.8422563  0.37778482 0.20383513 0.5703678 ]  # None mean: 0.4986
sub_std_iou: [0.11859979 0.18104355 0.1611473  0.2789652 ]
sub_mean_ppv: [0.87870234 0.43538076 0.31922102 0.3632715 ]  # None mean: 0.4991
sub_std_ppv: [0.11186591 0.19251199 0.27096522 0.44170845]

