nnUNetTrainerUXnet    hnnk
sub_mean_dice: [0.932423   0.49877816 0.42191023 0.2701248 ]  # None mean: 0.5308
sub_std_dice: [0.08781581 0.1872058  0.23680449 0.2953116 ]
sub_mean_iou: [0.8824066  0.35126433 0.29700986 0.20129316]  # None mean: 0.4330
sub_std_iou: [0.11041583 0.15405552 0.2001605  0.26738977]
sub_mean_ppv: [0.9143885  0.4304141  0.46868643 0.16388035]  # None mean: 0.4943
sub_std_ppv: [0.07855465 0.14932047 0.28500053 0.31325963]

nnUNetTrainerUXnet    lz
sub_mean_dice: [0.9078221  0.43202183 0.2771053  0.6712528 ]  # None mean: 0.5721
sub_std_dice: [0.09617699 0.26484555 0.2110376  0.24475345]
sub_mean_iou: [0.8418728  0.3093661  0.18004327 0.5475103 ]  # None mean: 0.4697
sub_std_iou: [0.12255145 0.20160809 0.15828405 0.23395012]
sub_mean_ppv: [0.878585   0.37610516 0.16197284 0.12393975]  # None mean: 0.3852
sub_std_ppv: [0.10972437 0.23338859 0.20449841 0.2887974 ]

nnUNetTrainerUXnet    cq
sub_mean_dice: [0.90284574 0.5105919  0.290204   0.63527197]  # None mean: 0.5847
sub_std_dice: [0.10296617 0.23580858 0.2076029  0.29809335]
sub_mean_iou: [0.83499    0.37215358 0.18807365 0.5261069 ]  # None mean: 0.4803
sub_std_iou: [0.13007009 0.18675663 0.15273066 0.28083768]
sub_mean_ppv: [0.8784188  0.41335145 0.28633088 0.18626784]  # None mean: 0.4411
sub_std_ppv: [0.10842858 0.20546052 0.25170654 0.3491922 ]

