nnUNetTrainerSwinUNETR    hnnk
sub_mean_dice: [0.87824345 0.67361313 0.5056403  0.33601782]  # None mean: 0.5984
sub_std_dice: [0.10847957 0.29513147 0.41299832 0.20831117]
sub_mean_iou: [0.7970828  0.574212   0.43708104 0.22107275]  # None mean: 0.5074
sub_std_iou: [0.14731988 0.29953605 0.35724935 0.15286408]
sub_mean_ppv: [0.85294884 0.3815727  0.17124178 0.06539477]  # None mean: 0.3678
sub_std_ppv: [0.16211312 0.43754113 0.37012678 0.23215589]

nnUNetTrainerSwinUNETR    lz
sub_mean_dice: [0.8913105  0.51200145 0.75297564 0.11986067]  # None mean: 0.5690
sub_std_dice: [0.12010178 0.40390712 0.23980092 0.1522548 ]
sub_mean_iou: [0.8193766  0.44342262 0.6510699  0.07115658]  # None mean: 0.4963
sub_std_iou: [0.14460863 0.36848506 0.24998961 0.09153081]
sub_mean_ppv: [0.8242691  0.19485734 0.15875258 0.00856236]  # None mean: 0.2966
sub_std_ppv: [0.21193913 0.35714307 0.32949135 0.07458755]

nnUNetTrainerSwinUNETR    cq
sub_mean_dice: [0.86794007 0.26928535 0.7305705  0.17942289]  # None mean: 0.5118
sub_std_dice: [0.14351165 0.33869347 0.24486722 0.07124052]
sub_mean_iou: [0.78763026 0.21071972 0.62101465 0.10025997]  # None mean: 0.4299
sub_std_iou: [0.16758607 0.28360596 0.23838322 0.04365015]
sub_mean_ppv: [0.80416036 0.0936469  0.25545225 0.04030962]  # None mean: 0.2984
sub_std_ppv: [0.23639011 0.2615104  0.39267585 0.17332982]

