nnUNetTrainerUxLSTMBot    hnnk
sub_mean_dice: [0.8774029  0.69673574 0.49522743 0.38727963]  # None mean: 0.6142
sub_std_dice: [0.11064034 0.27142987 0.40533727 0.3170504 ]
sub_mean_iou: [0.7963297  0.59324026 0.42257088 0.28999773]  # None mean: 0.5255
sub_std_iou: [0.1503544  0.28299257 0.34735167 0.25360522]
sub_mean_ppv: [0.85669214 0.42033258 0.26292256 0.19070414]  # None mean: 0.4327
sub_std_ppv: [0.1659749  0.42521816 0.4297536  0.38143846]

nnUNetTrainerUxLSTMBot    lz
sub_mean_dice: [0.88806236 0.5335354  0.7366811  0.11746693]  # None mean: 0.5689
sub_std_dice: [0.1230384  0.39549172 0.24894403 0.16780956]
sub_mean_iou: [0.8146246  0.46088302 0.6325583  0.07186522]  # None mean: 0.4950
sub_std_iou: [0.14665796 0.3630069  0.25444752 0.10636532]
sub_mean_ppv: [0.82691026 0.26369053 0.37625706 0.02611084]  # None mean: 0.3732
sub_std_ppv: [0.21359478 0.40134716 0.42784643 0.13154069]

nnUNetTrainerUxLSTMBot    cq
sub_mean_dice: [0.8641952  0.2663337  0.73528117 0.26488748]  # None mean: 0.5327
sub_std_dice: [0.15066953 0.35645658 0.24356884 0.2084665 ]
sub_mean_iou: [0.7835423  0.21643193 0.63059664 0.17007504]  # None mean: 0.4502
sub_std_iou: [0.17320496 0.30737472 0.25853017 0.14564154]
sub_mean_ppv: [0.80839956 0.10944772 0.39925957 0.10477529]  # None mean: 0.3555
sub_std_ppv: [0.23682663 0.2846969  0.43803954 0.28600818]

