nnUNetTrainerSegResNet    hnnk
sub_mean_dice: [0.884601   0.7134217  0.49914724 0.4413925 ]  # None mean: 0.6346
sub_std_dice: [0.09346293 0.26183462 0.40861103 0.29250547]
sub_mean_iou: [0.8041649  0.6083127  0.42838717 0.33004132]  # None mean: 0.5427
sub_std_iou: [0.13279602 0.26794684 0.35233825 0.24961023]
sub_mean_ppv: [0.8603533  0.40091905 0.35702878 0.15834527]  # None mean: 0.4442
sub_std_ppv: [0.14630345 0.44264665 0.46142656 0.35434705]

nnUNetTrainerSegResNet    lz
sub_mean_dice: [0.89316094 0.4990826  0.77821976 0.22502491]  # None mean: 0.5989
sub_std_dice: [0.11154322 0.41027677 0.22673298 0.27751988]
sub_mean_iou: [0.82085156 0.43439227 0.6797731  0.15726256]  # None mean: 0.5231
sub_std_iou: [0.13947788 0.3755796  0.23492916 0.19518137]
sub_mean_ppv: [0.8282236  0.2840228  0.29582465 0.03079956]  # None mean: 0.3597
sub_std_ppv: [0.2099421  0.40058482 0.40315312 0.1476659 ]

nnUNetTrainerSegResNet    cq
sub_mean_dice: [0.8668509  0.26912278 0.733028   0.29685   ]  # None mean: 0.5415
sub_std_dice: [0.145367   0.36318058 0.22918497 0.23215933]
sub_mean_iou: [0.78623325 0.22141734 0.6219381  0.19850345]  # None mean: 0.4570
sub_std_iou: [0.16797881 0.31579325 0.24276727 0.17868665]
sub_mean_ppv: [0.80121744 0.11879621 0.32412663 0.11343374]  # None mean: 0.3394
sub_std_ppv: [0.23775679 0.29724738 0.41354388 0.29570377]

