nnUNetTrainerSegMamba    hnnk
sub_mean_dice: [0.88966477 0.7126412  0.3766363  0.55085564]  # None mean: 0.6324
sub_std_dice: [0.08881475 0.25315422 0.40108383 0.27850598]
sub_mean_iou: [0.8114427 0.6064285 0.3215238 0.4330556]  # None mean: 0.5431
sub_std_iou: [0.12784055 0.2713473  0.36251032 0.27541396]
sub_mean_ppv: [0.861121   0.40355322 0.21198238 0.09970658]  # None mean: 0.3941
sub_std_ppv: [0.13921922 0.44515362 0.38524213 0.29095343]

nnUNetTrainerSegMamba    lz
sub_mean_dice: [0.895289   0.54987407 0.77241737 0.24782911]  # None mean: 0.6164
sub_std_dice: [0.10667051 0.38907364 0.23909846 0.30542752]
sub_mean_iou: [0.8233286  0.47481722 0.6773267  0.18041179]  # None mean: 0.5390
sub_std_iou: [0.13508447 0.3599002  0.25092998 0.22383267]
sub_mean_ppv: [0.8270487  0.25065508 0.19749454 0.01713771]  # None mean: 0.3231
sub_std_ppv: [0.20592405 0.3990507  0.35872358 0.10998391]

nnUNetTrainerSegMamba    cq
sub_mean_dice: [0.8688004  0.2643489  0.76280135 0.41681796]  # None mean: 0.5782
sub_std_dice: [0.14758739 0.31782153 0.22368707 0.20228857]
sub_mean_iou: [0.78986835 0.20071842 0.6590487  0.28300256]  # None mean: 0.4832
sub_std_iou: [0.16963744 0.26669046 0.23844668 0.15505359]
sub_mean_ppv: [0.80482185 0.12228224 0.32007128 0.08377715]  # None mean: 0.3327
sub_std_ppv: [0.23254095 0.29503378 0.4164653  0.25935978]

