nnUNetTrainerUMambaBot    hnnk
sub_mean_dice: [0.931643   0.4853888  0.42396843 0.23445581]  # None mean: 0.5189
sub_std_dice: [0.09036186 0.1948046  0.22956756 0.29773667]
sub_mean_iou: [0.8813456  0.34083405 0.29652476 0.17177202]  # None mean: 0.4226
sub_std_iou: [0.11094097 0.15974522 0.19120434 0.2322838 ]
sub_mean_ppv: [0.9160193  0.43492    0.46988845 0.07163236]  # None mean: 0.4731
sub_std_ppv: [0.08439142 0.15573846 0.2822029  0.20207037]

nnUNetTrainerUMambaBot    lz
sub_mean_dice: [0.91144985 0.4257956  0.26669878 0.68120754]  # None mean: 0.5713
sub_std_dice: [0.09268939 0.26101717 0.21482202 0.22080606]
sub_mean_iou: [0.8473463  0.30292404 0.17361796 0.5518505 ]  # None mean: 0.4689
sub_std_iou: [0.11901538 0.19682106 0.16092344 0.21523423]
sub_mean_ppv: [0.8864454  0.38840193 0.16051608 0.15701981]  # None mean: 0.3981
sub_std_ppv: [0.10989918 0.22327368 0.20372364 0.3334316 ]

nnUNetTrainerUMambaBot    cq
sub_mean_dice: [0.9030212  0.5043956  0.28732634 0.6338786 ]  # None mean: 0.5822
sub_std_dice: [0.09846317 0.23611555 0.20905982 0.29403707]
sub_mean_iou: [0.8345055  0.3663136  0.1860314  0.52210975]  # None mean: 0.4772
sub_std_iou: [0.12718032 0.18553105 0.15111828 0.27335957]
sub_mean_ppv: [0.88484126 0.42256543 0.28825694 0.15837799]  # None mean: 0.4385
sub_std_ppv: [0.10576696 0.20220855 0.2557686  0.33445227]

