nnUNetTrainerUXnet    hnnk
sub_mean_dice: [0.8840041  0.69043607 0.33950138 0.46116394]  # None mean: 0.5938
sub_std_dice: [0.09811702 0.26491863 0.40879503 0.29228163]
sub_mean_iou: [0.80413115 0.5829823  0.29171973 0.3483258 ]  # None mean: 0.5068
sub_std_iou: [0.13723782 0.27906203 0.3546623  0.25609672]
sub_mean_ppv: [0.8563088  0.32457143 0.22692733 0.1133124 ]  # None mean: 0.3803
sub_std_ppv: [0.1498197  0.42606944 0.40943304 0.31040242]

nnUNetTrainerUXnet    lz
sub_mean_dice: [0.8952381  0.5354764  0.7681104  0.22707696]  # None mean: 0.6065
sub_std_dice: [0.10754655 0.37052593 0.23378678 0.27824003]
sub_mean_iou: [0.8233235  0.45029902 0.6688677  0.15858798]  # None mean: 0.5253
sub_std_iou: [0.13491449 0.33837163 0.24315575 0.1944049 ]
sub_mean_ppv: [0.8291931  0.13920164 0.19397958 0.01867502]  # None mean: 0.2953
sub_std_ppv: [0.20627473 0.31985334 0.35635117 0.11469392]

nnUNetTrainerUXnet    cq
sub_mean_dice: [0.8669975  0.23370901 0.7464152  0.27619228]  # None mean: 0.5308
sub_std_dice: [0.14373998 0.32843035 0.23168485 0.08788595]
sub_mean_iou: [0.7861506  0.18380125 0.6386756  0.16329357]  # None mean: 0.4430
sub_std_iou: [0.16745315 0.27875355 0.23795648 0.06029264]
sub_mean_ppv: [0.80469245 0.0605887  0.26351967 0.06988869]  # None mean: 0.2997
sub_std_ppv: [0.23602106 0.2117725  0.39239466 0.235818  ]

