nnUNetTrainerMednext    hnnk
sub_mean_dice: [0.93806183 0.52219456 0.4382737  0.39291227]  # None mean: 0.5729
sub_std_dice: [0.09231471 0.18726495 0.26241612 0.40426984]
sub_mean_iou: [0.8930794  0.37294406 0.31757724 0.34286365]  # None mean: 0.4816
sub_std_iou: [0.11271612 0.15629019 0.22251604 0.3934472 ]
sub_mean_ppv: [0.9251994  0.4719619  0.50173974 0.37585106]  # None mean: 0.5687
sub_std_ppv: [0.08438603 0.12831646 0.29581097 0.45750272]

nnUNetTrainerMednext    lz
sub_mean_dice: [0.9217451  0.44100714 0.2993164  0.7419811 ]  # None mean: 0.6010
sub_std_dice: [0.06537673 0.26573923 0.22258115 0.25200325]
sub_mean_iou: [0.86040294 0.3171752  0.1981519  0.6402777 ]  # None mean: 0.5040
sub_std_iou: [0.09234744 0.20244959 0.17146331 0.25622857]
sub_mean_ppv: [0.8955413  0.41459617 0.1988822  0.53152066]  # None mean: 0.5101
sub_std_ppv: [0.08225582 0.21376832 0.22400697 0.41421926]

nnUNetTrainerMednext    cq
sub_mean_dice: [0.9160926  0.5293871  0.3169873  0.73680633]  # None mean: 0.6248
sub_std_dice: [0.07086546 0.23281822 0.22846945 0.2786487 ]
sub_mean_iou: [0.8516044  0.38923496 0.21113268 0.64371544]  # None mean: 0.5239
sub_std_iou: [0.0991303  0.18640113 0.16958624 0.27901334]
sub_mean_ppv: [0.88898176 0.4629421  0.34414738 0.5845588 ]  # None mean: 0.5702
sub_std_ppv: [0.08886702 0.17790096 0.28825292 0.43694168]

