nnUNetTrainerSegMamba    hnnk
sub_mean_dice: [0.9354478  0.5106712  0.41961962 0.25574955]  # None mean: 0.5304
sub_std_dice: [0.07878862 0.18810782 0.24260642 0.33150458]
sub_mean_iou: [0.8862432  0.3624334  0.2967706  0.20434445]  # None mean: 0.4374
sub_std_iou: [0.10233473 0.15641141 0.20607252 0.30689234]
sub_mean_ppv: [0.92000484 0.44985163 0.48173165 0.13777572]  # None mean: 0.4973
sub_std_ppv: [0.07681383 0.14693524 0.28966308 0.31480864]

nnUNetTrainerSegMamba    lz
sub_mean_dice: [0.9089419  0.43802136 0.28808233 0.6795123 ]  # None mean: 0.5786
sub_std_dice: [0.11054811 0.26630235 0.21467544 0.2302896 ]
sub_mean_iou: [0.8462655  0.31474924 0.18835299 0.5528386 ]  # None mean: 0.4756
sub_std_iou: [0.1319927  0.2025788  0.16156939 0.22356455]
sub_mean_ppv: [0.8814169  0.40744665 0.17232108 0.23854826]  # None mean: 0.4249
sub_std_ppv: [0.12100952 0.22762477 0.21090846 0.35841766]

nnUNetTrainerSegMamba    cq
sub_mean_dice: [0.9025346 0.5230578 0.2988816 0.6457568]  # None mean: 0.5926
sub_std_dice: [0.11165409 0.23734416 0.21112126 0.27698866]
sub_mean_iou: [0.83626974 0.3842728  0.19480166 0.5301546 ]  # None mean: 0.4864
sub_std_iou: [0.13788028 0.18898031 0.15560414 0.26502168]
sub_mean_ppv: [0.87878066 0.43906003 0.29519337 0.22477008]  # None mean: 0.4595
sub_std_ppv: [0.12120361 0.20158537 0.25817594 0.37254027]

