nnUNetTrainerUNETRPP    hnnk
sub_mean_dice: [0.880146   0.7315539  0.5186841  0.56960106]  # None mean: 0.6750
sub_std_dice: [0.10492251 0.27905348 0.42369938 0.24295527]
sub_mean_iou: [0.79945403 0.6400423  0.45794964 0.4397473 ]  # None mean: 0.5843
sub_std_iou: [0.14470437 0.29139596 0.3776508  0.24454309]
sub_mean_ppv: [0.8489534  0.4645839  0.38215914 0.20803417]  # None mean: 0.4759
sub_std_ppv: [0.15914786 0.44429436 0.46861064 0.38931578]

nnUNetTrainerUNETRPP    lz
sub_mean_dice: [0.892122   0.47990936 0.7602457  0.24236695]  # None mean: 0.5937
sub_std_dice: [0.11590426 0.43695918 0.23841262 0.29905912]
sub_mean_iou: [0.82017833 0.42969108 0.6602998  0.17483293]  # None mean: 0.5213
sub_std_iou: [0.14421536 0.3981165  0.24911629 0.21738563]
sub_mean_ppv: [0.82422346 0.23755948 0.43043244 0.05164846]  # None mean: 0.3860
sub_std_ppv: [0.21146466 0.38816202 0.41558614 0.18751575]

nnUNetTrainerUNETRPP    cq
sub_mean_dice: [0.8698124  0.28641173 0.75626653 0.31983766]  # None mean: 0.5581
sub_std_dice: [0.14893815 0.33053502 0.21546856 0.18581215]
sub_mean_iou: [0.79185176 0.22096291 0.6451728  0.2047522 ]  # None mean: 0.4657
sub_std_iou: [0.17097455 0.28178412 0.21827695 0.13143615]
sub_mean_ppv: [0.8012045  0.15562224 0.44500828 0.18853818]  # None mean: 0.3976
sub_std_ppv: [0.2365967  0.32980335 0.423954   0.3581765 ]

