nnUNetTrainerMednext    hnnk
sub_mean_dice: [0.8883068  0.69544375 0.76978153 0.43941563]  # None mean: 0.6982
sub_std_dice: [0.10662783 0.31744823 0.20265308 0.2755786 ]
sub_mean_iou: [0.8129532  0.6103321  0.6622831  0.32282054]  # None mean: 0.6021
sub_std_iou: [0.1455311  0.32146764 0.22222413 0.23359261]
sub_mean_ppv: [0.8616598  0.552418   0.35987046 0.16237041]  # None mean: 0.4841
sub_std_ppv: [0.15893367 0.46334276 0.45594826 0.3630932 ]

nnUNetTrainerMednext    lz
sub_mean_dice: [0.8956765 0.5352528 0.7722336 0.2747253]  # None mean: 0.6195
sub_std_dice: [0.12039725 0.40756366 0.23911335 0.33739895]
sub_mean_iou: [0.82664585 0.46995345 0.6772555  0.20975938]  # None mean: 0.5459
sub_std_iou: [0.14473137 0.37847584 0.2519914  0.25854108]
sub_mean_ppv: [0.8293706  0.31609496 0.39997816 0.05321335]  # None mean: 0.3997
sub_std_ppv: [0.21218354 0.4220018  0.41725838 0.19629565]

nnUNetTrainerMednext    cq
sub_mean_dice: [0.87274486 0.24372247 0.7864367  0.24923341]  # None mean: 0.5380
sub_std_dice: [0.14709249 0.3261296  0.19241062 0.19165471]
sub_mean_iou: [0.79611033 0.18939903 0.68113124 0.1564842 ]  # None mean: 0.4558
sub_std_iou: [0.17010164 0.27522454 0.21171659 0.12976524]
sub_mean_ppv: [0.81646776 0.15367621 0.41159022 0.1738078 ]  # None mean: 0.3889
sub_std_ppv: [0.22229965 0.33510533 0.42979607 0.35479087]

