nnUNetTrainerNnformer    hnnk
sub_mean_dice: [0.93329847 0.50912595 0.43042412 0.41484192]  # None mean: 0.5719
sub_std_dice: [0.08882944 0.18832198 0.26173902 0.3786854 ]
sub_mean_iou: [0.8839682  0.36093405 0.31019974 0.34261635]  # None mean: 0.4744
sub_std_iou: [0.10916249 0.15544052 0.21847898 0.3417039 ]
sub_mean_ppv: [0.91871595 0.45486376 0.481556   0.27776405]  # None mean: 0.5332
sub_std_ppv: [0.08017211 0.14841251 0.2922249  0.42712632]

nnUNetTrainerNnformer    lz
sub_mean_dice: [0.91113704 0.42953944 0.28972718 0.7148591 ]  # None mean: 0.5863
sub_std_dice: [0.09214207 0.2627333  0.22559327 0.2279923 ]
sub_mean_iou: [0.8465086  0.30653834 0.19157317 0.5951611 ]  # None mean: 0.4849
sub_std_iou: [0.11656754 0.19856036 0.1699324  0.22309743]
sub_mean_ppv: [0.8837344  0.38415322 0.18901809 0.36695272]  # None mean: 0.4560
sub_std_ppv: [0.10679965 0.2283085  0.21885973 0.40848175]

nnUNetTrainerNnformer    cq
sub_mean_dice: [0.9052476  0.5011158  0.29349813 0.7202083 ]  # None mean: 0.6050
sub_std_dice: [0.09982867 0.23476437 0.22211906 0.2637057 ]
sub_mean_iou: [0.8382778  0.36279356 0.19285025 0.614207  ]  # None mean: 0.5020
sub_std_iou: [0.12601703 0.18309683 0.16197054 0.25428006]
sub_mean_ppv: [0.88368636 0.40880325 0.3297621  0.37772444]  # None mean: 0.5000
sub_std_ppv: [0.10190574 0.20105113 0.28134158 0.43212375]

