nnUNetTrainer    hnnk
sub_mean_dice: [0.9334361  0.49691048 0.41862336 0.30055884]  # None mean: 0.5374
sub_std_dice: [0.09081931 0.19901003 0.25120658 0.3297474 ]
sub_mean_iou: [0.8846057  0.35224703 0.2974992  0.23443718]  # None mean: 0.4422
sub_std_iou: [0.11152014 0.16505341 0.20883965 0.30015394]
sub_mean_ppv: [0.9172858  0.45350036 0.5001032  0.135162  ]  # None mean: 0.5015
sub_std_ppv: [0.0833121  0.1635444  0.29314765 0.2984818 ]

nnUNetTrainer    lz
sub_mean_dice: [0.9171103  0.43511155 0.2817667  0.7286744 ]  # None mean: 0.5907
sub_std_dice: [0.07519075 0.26684627 0.22192305 0.22098301]
sub_mean_iou: [0.85398287 0.3124066  0.18568373 0.61299247]  # None mean: 0.4913
sub_std_iou: [0.1026074  0.20272864 0.16992733 0.23264879]
sub_mean_ppv: [0.8934288  0.41196826 0.18126826 0.22349274]  # None mean: 0.4275
sub_std_ppv: [0.08864765 0.23185503 0.21488778 0.36983123]

nnUNetTrainer    cq
sub_mean_dice: [0.90751743 0.51523334 0.29315794 0.70434827]  # None mean: 0.6051
sub_std_dice: [0.09038574 0.23919134 0.2170767  0.2650701 ]
sub_mean_iou: [0.8404571  0.37736022 0.19165185 0.59525716]  # None mean: 0.5012
sub_std_iou: [0.11898331 0.19001983 0.158006   0.25713062]
sub_mean_ppv: [0.88515663 0.43795145 0.31830847 0.21934384]  # None mean: 0.4652
sub_std_ppv: [0.09792618 0.20600034 0.27581254 0.37906548]

